$ 1 0.000005 0.03246524673583497 43 5 43
f 1216 560 1264 560 0 1.5
f 1536 560 1488 560 0 1.5
f 1216 416 1264 416 1 1.5
f 1536 416 1488 416 1 1.5
w 1264 432 1264 480 0
w 1264 544 1264 480 0
w 1488 544 1488 480 0
w 1488 432 1488 480 0
r 1264 480 1344 480 0 0.5
l 1344 480 1408 480 0 0.00009999999999999999 -0.27270480682789566
r 1488 480 1408 480 0 0.5
w 1264 400 1376 400 0
w 1488 400 1376 400 0
w 1376 400 1376 336 0
w 1216 336 1376 336 0
w 1376 336 1536 336 0
R 1376 336 1376 272 0 0 40 7.2 0 0 0.5
w 1264 576 1376 576 0
w 1488 576 1376 576 0
f 1024 560 1088 560 0 1.5
w 1088 576 1088 592 0
w 1376 592 1376 576 0
a 912 560 1024 560 0 9.6 0 1000000
f 704 560 640 560 0 1.5
a 816 560 704 560 1 9.6 0 1000000
w 816 576 848 576 0
w 912 576 880 576 0
w 848 576 864 576 0
w 880 576 864 576 0
R 864 576 864 560 0 0 40 1.5 0 0 0.5
w 816 544 864 512 0
w 864 512 864 464 0
R 864 464 864 352 0 2 10000 1.65 1.65 0 0.5
w 640 576 640 592 0
w 640 592 640 608 0
w 640 608 1088 608 0
w 1088 608 1376 608 0
w 1376 608 1376 592 0
w 1088 608 1088 592 0
g 1376 608 1376 624 0
w 640 544 592 544 0
w 592 544 592 640 0
w 592 640 1536 640 0
x 811 324 905 327 0 36 PSoC
w 912 544 864 512 0
x 658 687 1060 690 0 36 Open Drain Comparators
r 1216 416 1184 416 0 1100
w 1184 336 1216 336 0
r 1216 560 1184 560 0 1100
w 1184 560 1184 416 0
w 1088 544 1168 544 0
w 1168 544 1168 560 0
w 1168 560 1184 560 0
r 1536 416 1568 416 0 1100
r 1568 416 1568 336 0 720
w 1536 336 1568 336 0
r 1536 560 1568 560 0 1100
w 1568 560 1568 416 0
R 1152 144 1152 112 0 0 40 -5 0 0 0.5
w 1536 640 1568 640 0
w 1568 640 1568 560 0
w 1152 144 1152 432 0
w 1152 432 528 432 0
w 1152 432 1152 704 0
r 1184 416 1184 336 0 720
x 1349 450 1410 453 0 24 Motor
x 1311 246 1451 249 0 36 H Bridge
w 1152 704 1152 752 0
